0 0.747070 0.009766 0.093750 0.019531
0 0.889160 0.060547 0.184570 0.121094
0 0.729492 0.104492 0.095703 0.175781
0 0.617676 0.168457 0.176758 0.200195
0 0.538086 0.083008 0.201172 0.119141
0 0.579590 0.103027 0.110352 0.125977
0 0.645020 0.028320 0.141602 0.052734
0 0.463379 0.551270 0.211914 0.114258
0 0.975098 0.358398 0.047852 0.236328
0 0.810059 0.308594 0.118164 0.201172
0 0.752930 0.300293 0.316406 0.051758
0 0.596680 0.363770 0.267578 0.047852
0 0.719727 0.493164 0.080078 0.226562
0 0.809082 0.787109 0.192383 0.322266
0 0.701172 0.767578 0.144531 0.226562
0 0.898438 0.853516 0.146484 0.210938
0 0.974609 0.982910 0.048828 0.032227
0 0.986328 0.958008 0.027344 0.046875
0 0.663086 0.960938 0.212891 0.078125
0 0.017578 0.921875 0.035156 0.044922
0 0.019531 0.975098 0.039062 0.047852
0 0.109375 0.927734 0.210938 0.142578
0 0.190430 0.875977 0.130859 0.210938
0 0.274414 0.941406 0.054688 0.115234
0 0.303711 0.910645 0.064453 0.176758
0 0.400879 0.911133 0.188477 0.052734
0 0.414062 0.829590 0.185547 0.110352
0 0.278320 0.737305 0.052734 0.115234
0 0.142578 0.601562 0.203125 0.121094
0 0.284180 0.600098 0.097656 0.133789
0 0.115234 0.393555 0.173828 0.136719
0 0.046387 0.335449 0.083008 0.223633
0 0.072754 0.248047 0.047852 0.148438
0 0.331055 0.179688 0.220703 0.054688
0 0.397949 0.233887 0.301758 0.161133
0 0.225586 0.099609 0.189453 0.066406
0 0.053223 0.089844 0.106445 0.078125
0 0.013672 0.107910 0.027344 0.020508
0 0.179199 0.190430 0.270508 0.105469
