0 0.075684 0.588379 0.077148 0.102539
0 0.936035 0.106934 0.127930 0.104492
0 0.203125 0.789551 0.082031 0.034180
0 0.273438 0.295898 0.132812 0.046875
0 0.621582 0.821777 0.092773 0.067383
0 0.371094 0.153320 0.152344 0.062500
0 0.113281 0.869629 0.082031 0.065430
0 0.114258 0.417969 0.125000 0.072266
0 0.474609 0.033203 0.115234 0.062500
0 0.203613 0.823242 0.067383 0.056641
0 0.259766 0.869629 0.160156 0.084961
0 0.834473 0.348145 0.075195 0.041992
0 0.887207 0.119629 0.165039 0.065430
0 0.095703 0.708496 0.062500 0.047852
0 0.739746 0.384277 0.155273 0.075195
0 0.107910 0.670898 0.102539 0.097656
0 0.138184 0.634277 0.182617 0.040039
0 0.293457 0.616699 0.083008 0.040039
0 0.964844 0.782227 0.070312 0.035156
0 0.200684 0.110840 0.131836 0.157227
0 0.329590 0.119629 0.174805 0.055664
0 0.031250 0.827148 0.062500 0.099609
0 0.924805 0.357910 0.150391 0.067383
0 0.650391 0.134277 0.042969 0.061523
0 0.899902 0.235840 0.200195 0.067383
0 0.965820 0.804199 0.068359 0.030273
0 0.913086 0.683594 0.167969 0.097656
0 0.673340 0.925781 0.118164 0.062500
0 0.899902 0.580566 0.084961 0.041992
0 0.659180 0.504395 0.080078 0.069336
0 0.962402 0.714844 0.075195 0.044922
0 0.184570 0.738281 0.095703 0.107422
0 0.783691 0.544434 0.147461 0.055664
0 0.962891 0.045410 0.074219 0.083008
0 0.928223 0.380371 0.122070 0.166992
0 0.074707 0.588379 0.077148 0.102539
0 0.840820 0.841797 0.171875 0.080078
0 0.871094 0.202148 0.117188 0.044922
0 0.322266 0.355957 0.224609 0.057617
0 0.724609 0.245117 0.062500 0.099609
0 0.766113 0.462891 0.077148 0.048828
0 0.936035 0.105957 0.127930 0.104492
0 0.028809 0.687988 0.051758 0.049805
0 0.045410 0.949707 0.090820 0.065430
0 0.371094 0.331055 0.117188 0.035156
0 0.667969 0.368164 0.089844 0.060547
0 0.302246 0.545898 0.184570 0.126953
0 0.024902 0.599609 0.049805 0.080078
0 0.344727 0.642090 0.185547 0.075195
0 0.646484 0.752441 0.070312 0.059570
0 0.561035 0.678223 0.102539 0.047852
0 0.374512 0.034668 0.100586 0.065430
0 0.189453 0.038086 0.064453 0.072266
0 0.914551 0.623047 0.170898 0.072266
0 0.908691 0.916016 0.182617 0.117188
0 0.300781 0.425781 0.091797 0.052734
0 0.267090 0.105957 0.090820 0.166992
0 0.982422 0.513184 0.035156 0.067383
0 0.307129 0.235840 0.135742 0.073242
