0 0.050781 0.024414 0.060547 0.048828
0 0.446777 0.042969 0.079102 0.080078
0 0.650391 0.229980 0.076172 0.071289
0 0.107422 0.834961 0.068359 0.091797
0 0.677246 0.085449 0.053711 0.059570
0 0.161133 0.532227 0.082031 0.109375
0 0.226562 0.690430 0.074219 0.078125
0 0.540527 0.598633 0.090820 0.083984
0 0.022461 0.839355 0.044922 0.049805
0 0.206055 0.819824 0.083984 0.061523
0 0.507324 0.631836 0.057617 0.056641
0 0.121094 0.615234 0.089844 0.123047
0 0.428711 0.708984 0.048828 0.082031
0 0.964355 0.221680 0.071289 0.087891
0 0.456055 0.171875 0.093750 0.111328
0 0.189453 0.375000 0.099609 0.125000
0 0.307617 0.524902 0.121094 0.225586
0 0.082520 0.649902 0.084961 0.133789
0 0.501465 0.721191 0.086914 0.053711
0 0.013184 0.168945 0.026367 0.105469
0 0.200684 0.287109 0.098633 0.095703
0 0.019531 0.482422 0.039062 0.089844
0 0.312500 0.864746 0.156250 0.190430
0 0.121582 0.448730 0.188477 0.084961
0 0.099609 0.335938 0.083984 0.101562
0 0.619141 0.832520 0.107422 0.135742
0 0.515137 0.325684 0.100586 0.075195
0 0.800293 0.445312 0.155273 0.103516
0 0.634277 0.043457 0.084961 0.057617
0 0.818359 0.369141 0.179688 0.103516
0 0.884277 0.067871 0.124023 0.071289
0 0.074219 0.271484 0.054688 0.056641
0 0.047363 0.114746 0.088867 0.108398
0 0.971680 0.956543 0.056641 0.081055
0 0.808105 0.809570 0.157227 0.087891
0 0.706055 0.899414 0.089844 0.082031
0 0.182129 0.179199 0.079102 0.053711
0 0.522461 0.282715 0.111328 0.051758
0 0.224121 0.236328 0.067383 0.076172
0 0.824707 0.514648 0.165039 0.111328
0 0.863281 0.949707 0.078125 0.049805
0 0.165039 0.030273 0.070312 0.058594
0 0.959473 0.692871 0.069336 0.100586
0 0.771484 0.649414 0.070312 0.062500
0 0.608887 0.316895 0.063477 0.090820
