0 0.658691 0.639160 0.034180 0.034180
0 0.294434 0.756836 0.053711 0.056641
0 0.632812 0.551270 0.046875 0.079102
0 0.248047 0.686523 0.062500 0.044922
0 0.519531 0.535156 0.060547 0.042969
0 0.270508 0.347168 0.044922 0.047852
0 0.247070 0.416992 0.042969 0.042969
0 0.191406 0.540527 0.085938 0.094727
0 0.046875 0.135742 0.062500 0.056641
0 0.146973 0.297363 0.063477 0.045898
0 0.146973 0.223633 0.049805 0.058594
0 0.236328 0.186035 0.076172 0.079102
0 0.120117 0.135742 0.064453 0.041016
0 0.261719 0.121094 0.035156 0.054688
0 0.034180 0.446289 0.039062 0.037109
0 0.806152 0.085449 0.051758 0.077148
0 0.615234 0.103027 0.134766 0.061523
0 0.469727 0.069336 0.087891 0.044922
0 0.430664 0.176758 0.052734 0.044922
0 0.615234 0.163086 0.064453 0.041016
0 0.752930 0.175293 0.035156 0.041992
0 0.878418 0.206543 0.057617 0.051758
0 0.653809 0.206055 0.040039 0.064453
0 0.636719 0.265625 0.070312 0.066406
0 0.384277 0.302734 0.061523 0.044922
0 0.496582 0.298828 0.041992 0.044922
0 0.764648 0.252930 0.056641 0.052734
0 0.710449 0.317871 0.049805 0.038086
0 0.849121 0.340820 0.053711 0.080078
0 0.785156 0.385254 0.052734 0.053711
0 0.876953 0.417969 0.052734 0.048828
0 0.530762 0.395508 0.106445 0.048828
0 0.750000 0.605469 0.029297 0.039062
0 0.783203 0.594727 0.050781 0.052734
0 0.865723 0.617188 0.061523 0.039062
0 0.880859 0.638184 0.107422 0.063477
0 0.794922 0.659180 0.056641 0.031250
0 0.717285 0.696289 0.049805 0.037109
0 0.479492 0.672363 0.060547 0.079102
0 0.562012 0.777832 0.034180 0.049805
0 0.722168 0.791992 0.049805 0.037109
0 0.804199 0.740723 0.055664 0.043945
0 0.927246 0.733887 0.065430 0.081055
0 0.418457 0.835938 0.041992 0.042969
0 0.897949 0.911133 0.071289 0.076172
0 0.818848 0.947754 0.083008 0.083008
0 0.657715 0.866211 0.043945 0.064453
0 0.577148 0.922363 0.101562 0.098633
0 0.172363 0.712402 0.045898 0.043945
0 0.256348 0.904297 0.045898 0.050781
0 0.097656 0.875488 0.042969 0.053711
0 0.057617 0.821289 0.039062 0.072266
0 0.057129 0.773926 0.092773 0.045898
0 0.080566 0.678223 0.059570 0.053711
0 0.044434 0.647461 0.067383 0.037109
0 0.354980 0.521484 0.045898 0.048828
0 0.416016 0.452148 0.060547 0.062500
0 0.077637 0.083008 0.038086 0.035156
0 0.054688 0.379395 0.087891 0.036133
0 0.046387 0.324707 0.071289 0.092773
0 0.797852 0.666016 0.056641 0.048828
0 0.587402 0.842285 0.028320 0.024414
0 0.867188 0.105957 0.035156 0.043945
0 0.604004 0.726562 0.047852 0.048828
0 0.153809 0.467285 0.053711 0.040039
0 0.604492 0.541992 0.042969 0.037109
0 0.041504 0.063477 0.030273 0.042969
